Iter Residual Time
0 1.000e+00 0
1 9.734e-01 0.0
2 6.197e-01 69.40000000000009
3 4.356e-01 138.5
4 3.945e-01 207.4000000000001
5 3.689e-01 276.2000000000003
6 3.326e-01 343.0
7 2.939e-01 410.8000000000002
8 2.547e-01 478.9000000000001
9 2.402e-01 546.7000000000003
10 2.174e-01 614.0
11 2.010e-01 681.5
12 1.754e-01 748.9000000000005
13 1.634e-01 817.4000000000005
14 1.527e-01 885.1000000000004
15 1.466e-01 952.9000000000005
16 1.397e-01 1024.9000000000005
17 1.221e-01 1090.6999999999998
18 1.141e-01 1157.3000000000002
19 1.127e-01 1222.6000000000004
20 1.016e-01 1288.8000000000002
21 1.003e-01 1359.9000000000005
22 8.881e-02 1426.0
23 8.214e-02 1493.0
24 7.082e-02 1561.8000000000002
25 6.635e-02 1633.5
26 6.490e-02 1706.0
27 5.795e-02 1778.6000000000004
28 5.341e-02 1850.0
29 5.126e-02 1922.8000000000002
30 4.525e-02 1993.6000000000004
31 4.209e-02 2065.4000000000005
32 3.799e-02 2137.1000000000004
33 3.473e-02 2208.9000000000005
34 3.255e-02 2280.5
35 3.180e-02 2352.1000000000004
36 3.055e-02 2424.7
37 2.891e-02 2497.2
38 2.818e-02 2569.2
39 2.701e-02 2639.8
40 2.643e-02 2710.5
41 2.464e-02 2780.8
42 2.278e-02 2850.8
43 1.999e-02 2921.2
44 1.872e-02 2989.9000000000005
45 1.828e-02 3057.8
46 1.718e-02 3125.4000000000005
47 1.617e-02 3193.0
48 1.496e-02 3260.5
49 1.378e-02 3328.7
50 1.288e-02 3395.5
51 1.240e-02 3462.4000000000005
52 1.150e-02 3530.4000000000005
53 1.120e-02 3597.8
54 1.055e-02 3663.8
55 9.755e-03 3731.4000000000005
56 9.300e-03 3799.1000000000004
57 8.981e-03 3866.8
58 8.541e-03 3933.8
59 7.985e-03 4001.8
60 7.397e-03 4069.8
61 7.078e-03 4137.0
62 6.961e-03 4208.3
63 5.923e-03 4280.8
64 5.750e-03 4347.900000000001
65 5.309e-03 4416.6
66 5.016e-03 4483.6
67 4.605e-03 4550.0
68 4.508e-03 4617.400000000001
69 4.368e-03 4685.3
70 4.088e-03 4756.2
71 3.986e-03 4839.2
72 3.634e-03 4913.099999999999
73 3.505e-03 4986.7
74 3.373e-03 5053.8
75 3.196e-03 5127.2
76 3.089e-03 5194.500000000001
77 2.908e-03 5267.000000000001
78 2.816e-03 5339.599999999999
79 2.608e-03 5406.7
80 2.516e-03 5472.8
81 2.364e-03 5539.7
82 2.128e-03 5606.500000000001
83 1.965e-03 5673.500000000001
84 1.889e-03 5745.000000000001
85 1.744e-03 5817.599999999999
86 1.670e-03 5889.7
87 1.610e-03 5961.500000000001
88 1.492e-03 6034.2
89 1.436e-03 6101.599999999999
90 1.360e-03 6172.2
91 1.310e-03 6239.7
92 1.265e-03 6307.3
93 1.213e-03 6375.500000000001
94 1.183e-03 6444.400000000001
95 1.098e-03 6512.7
96 1.060e-03 6581.099999999999
97 1.022e-03 6651.000000000001
98 9.842e-04 6719.000000000001
99 9.482e-04 6786.8
100 9.075e-04 6854.099999999999
101 8.630e-04 6922.400000000001
102 8.384e-04 6996.7
103 8.125e-04 7063.500000000001
104 7.933e-04 7130.599999999999
105 7.612e-04 7197.8
106 6.687e-04 7266.000000000001
107 5.819e-04 7339.599999999999
108 5.152e-04 7412.599999999999
109 4.981e-04 7482.500000000001
110 4.856e-04 7550.2
111 4.505e-04 7616.599999999999
112 4.029e-04 7683.900000000001
113 3.954e-04 7751.000000000001
114 3.858e-04 7818.000000000001
115 3.821e-04 7885.099999999999
116 3.149e-04 7953.400000000001
117 2.901e-04 8021.000000000001
118 2.765e-04 8088.2
119 2.686e-04 8156.000000000001
120 1.785e-04 8222.400000000001
121 1.565e-04 8294.0
122 1.516e-04 8360.900000000001
123 1.346e-04 8432.900000000001
124 1.258e-04 8503.3
125 1.193e-04 8574.7
126 7.356e-05 8641.599999999999
127 6.793e-05 8709.400000000001
128 6.443e-05 8775.599999999999
129 6.158e-05 8841.5
130 5.184e-05 8911.2
131 3.611e-05 8981.900000000001
132 3.051e-05 9049.599999999999
133 2.647e-05 9116.599999999999
134 2.468e-05 9187.7
135 2.257e-05 9253.900000000001
136 2.123e-05 9320.2
137 1.865e-05 9386.7
138 1.628e-05 9452.599999999999
139 1.467e-05 9518.099999999999
140 1.244e-05 9585.0
141 1.166e-05 9651.0
142 1.078e-05 9720.7
143 8.533e-06 9789.599999999999
144 8.092e-06 9854.400000000001
145 7.078e-06 9920.8
146 5.671e-06 9987.7
147 5.414e-06 10058.5
148 5.371e-06 10126.400000000001
149 5.304e-06 10198.3
150 5.097e-06 10267.099999999999
151 5.080e-06 10346.2
152 5.068e-06 10415.0
153 5.058e-06 10491.8
154 5.049e-06 10561.3
155 5.040e-06 10629.2
156 5.030e-06 10696.7
157 5.020e-06 10763.900000000001
158 5.011e-06 10830.8
159 5.003e-06 10904.400000000001
160 4.995e-06 10976.8
161 4.987e-06 11044.3
162 4.980e-06 11111.900000000001
163 4.971e-06 11191.8
164 4.965e-06 11261.5
165 4.959e-06 11343.400000000001
166 4.952e-06 11413.099999999999
167 4.946e-06 11497.7
168 4.940e-06 11565.400000000001
169 4.935e-06 11643.900000000001
170 4.929e-06 11722.3
171 4.923e-06 11797.400000000001
172 4.917e-06 11870.099999999999
173 4.911e-06 11955.099999999999
174 4.906e-06 12039.5
175 4.900e-06 12108.2
176 4.895e-06 12187.900000000001
177 4.889e-06 12260.599999999999
178 4.884e-06 12335.400000000001
179 4.878e-06 12420.3
180 4.873e-06 12490.099999999999
181 4.868e-06 12557.7
182 4.862e-06 12625.7
183 4.857e-06 12701.7
184 4.852e-06 12770.900000000001
185 4.847e-06 12838.2
186 4.842e-06 12905.2
187 4.837e-06 12974.0
188 4.832e-06 13041.099999999999
189 4.827e-06 13118.8
190 4.822e-06 13187.8
191 4.817e-06 13266.399999999998
192 4.812e-06 13333.8
193 4.807e-06 13401.2
194 4.803e-06 13474.2
195 4.798e-06 13541.2
196 4.793e-06 13607.8
197 4.789e-06 13675.399999999998
198 4.784e-06 13744.3
199 4.779e-06 13830.0
200 4.775e-06 13907.8
201 4.770e-06 13975.399999999998
202 4.766e-06 14044.2
203 4.761e-06 14122.7
204 4.757e-06 14190.8
205 4.752e-06 14259.8
206 4.748e-06 14330.3
207 4.744e-06 14399.899999999998
208 4.739e-06 14468.3
209 4.735e-06 14548.099999999999
210 4.731e-06 14626.0
211 4.726e-06 14701.399999999998
212 4.722e-06 14770.399999999998
213 4.718e-06 14846.599999999999
214 4.714e-06 14914.8
215 4.710e-06 14987.8
216 4.706e-06 15068.399999999998
217 4.701e-06 15143.0
218 4.697e-06 15210.599999999999
219 4.693e-06 15277.3
220 4.689e-06 15343.8
221 4.685e-06 15410.899999999998
222 4.681e-06 15481.5
223 4.677e-06 15553.2
224 4.673e-06 15623.8
225 4.669e-06 15693.5
226 4.666e-06 15776.7
227 4.662e-06 15846.2
228 4.658e-06 15918.2
229 4.654e-06 15989.099999999999
230 4.650e-06 16059.3
231 4.647e-06 16127.399999999998
232 4.643e-06 16193.8
233 4.639e-06 16260.3
234 4.636e-06 16327.599999999999
235 4.632e-06 16396.8
236 4.628e-06 16467.0
237 4.625e-06 16539.1
238 4.621e-06 16613.0
239 4.617e-06 16691.2
240 4.614e-06 16757.8
241 4.610e-06 16824.5
242 4.607e-06 16891.2
243 4.603e-06 16958.6
244 4.600e-06 17025.3
245 4.596e-06 17092.2
246 4.593e-06 17159.0
247 4.589e-06 17226.0
248 4.586e-06 17292.6
249 4.582e-06 17360.0
250 4.579e-06 17428.3
251 4.576e-06 17502.5
252 4.572e-06 17584.6
253 4.569e-06 17666.399999999998
254 4.566e-06 17737.399999999998
255 4.562e-06 17815.2
256 4.559e-06 17886.2
257 4.556e-06 17954.399999999998
258 4.552e-06 18020.1
259 4.549e-06 18086.2
260 4.546e-06 18160.5
261 4.543e-06 18239.8
262 4.539e-06 18308.6
263 4.536e-06 18377.0
264 4.533e-06 18445.2
265 4.530e-06 18515.0
266 4.527e-06 18582.5
267 4.524e-06 18655.7
268 4.521e-06 18731.0
269 4.517e-06 18799.8
270 4.514e-06 18871.1
271 4.511e-06 18946.399999999998
272 4.508e-06 19019.7
273 4.505e-06 19086.5
274 4.502e-06 19154.5
275 4.499e-06 19223.8
276 4.496e-06 19298.899999999998
277 4.493e-06 19377.6
278 4.490e-06 19443.8
279 4.487e-06 19510.399999999998
280 4.484e-06 19577.1
281 4.481e-06 19645.8
282 4.478e-06 19719.6
283 4.475e-06 19796.0
284 4.472e-06 19863.899999999998
285 4.469e-06 19932.3
286 4.466e-06 20012.7
287 4.464e-06 20081.6
288 4.461e-06 20152.0
289 4.458e-06 20221.1
290 4.455e-06 20289.7
291 4.452e-06 20357.6
292 4.449e-06 20425.5
293 4.447e-06 20495.0
294 4.429e-06 20561.3
295 4.399e-06 20628.2
296 4.235e-06 20695.0
297 4.165e-06 20761.7
298 4.143e-06 20825.5
299 4.130e-06 20901.3
300 4.128e-06 20969.899999999998
301 4.125e-06 21036.0
302 4.122e-06 21100.899999999998
303 4.119e-06 21167.1
304 4.117e-06 21235.1
305 4.114e-06 21301.3
306 4.112e-06 21367.2
307 4.109e-06 21444.8
308 4.107e-06 21509.899999999998
309 4.104e-06 21588.2
310 4.102e-06 21655.1
311 4.100e-06 21723.3
312 4.097e-06 21792.8
313 4.095e-06 21860.1
314 4.092e-06 21928.0
315 4.090e-06 21996.5
316 4.087e-06 22075.899999999998
317 4.085e-06 22145.6
318 4.083e-06 22223.2
319 4.080e-06 22295.3
320 4.078e-06 22363.899999999998
321 4.076e-06 22438.2
322 4.073e-06 22506.6
323 4.071e-06 22574.6
324 4.068e-06 22641.8
325 4.066e-06 22709.2
326 4.064e-06 22781.5
327 4.061e-06 22849.2
328 4.059e-06 22918.399999999998
329 4.057e-06 22987.8
330 4.055e-06 23065.899999999998
331 4.052e-06 23134.5
332 4.050e-06 23202.6
333 4.048e-06 23287.6
334 4.045e-06 23359.5
335 4.043e-06 23427.8
336 4.041e-06 23493.8
337 4.039e-06 23564.3
338 4.036e-06 23630.7
339 4.034e-06 23699.7
340 4.032e-06 23766.7
341 4.030e-06 23834.5
342 4.028e-06 23914.5
343 4.025e-06 23987.0
344 4.023e-06 24065.3
345 4.021e-06 24133.899999999998
346 4.019e-06 24201.0
347 4.017e-06 24275.0
348 4.014e-06 24341.399999999998
349 4.012e-06 24408.1
350 4.010e-06 24474.3
351 4.008e-06 24541.399999999998
352 4.006e-06 24608.6
353 4.004e-06 24675.0
354 4.002e-06 24742.6
355 4.000e-06 24811.7
356 3.997e-06 24883.399999999998
357 3.995e-06 24958.7
358 3.993e-06 25027.2
359 3.991e-06 25097.0
360 3.989e-06 25165.399999999998
361 3.987e-06 25234.399999999998
362 3.985e-06 25302.7
363 3.983e-06 25368.1
364 3.981e-06 25445.6
365 3.979e-06 25511.2
366 3.977e-06 25583.399999999998
367 3.975e-06 25649.899999999998
368 3.973e-06 25718.5
369 3.971e-06 25788.0
370 3.969e-06 25855.1
371 3.966e-06 25922.7
372 3.961e-06 25988.399999999998
373 3.949e-06 26052.899999999998
374 3.947e-06 26119.399999999998
375 3.945e-06 26188.0
376 3.942e-06 26253.2
377 3.935e-06 26318.2
378 3.934e-06 26385.0
379 3.931e-06 26460.7
380 3.929e-06 26528.3
381 3.927e-06 26594.1
382 3.925e-06 26659.7
383 3.923e-06 26725.2
384 3.921e-06 26792.399999999998
385 3.919e-06 26867.0
386 3.917e-06 26948.7
387 3.915e-06 27014.7
388 3.913e-06 27081.8
389 3.911e-06 27152.899999999998
390 3.909e-06 27221.8
391 3.907e-06 27287.3
392 3.905e-06 27352.3
393 3.903e-06 27417.7
394 3.901e-06 27481.5
395 3.895e-06 27545.6
396 3.878e-06 27608.7
397 3.862e-06 27672.2
398 3.835e-06 27738.399999999998
399 3.832e-06 27816.8
400 3.830e-06 27885.1
401 3.828e-06 27952.399999999998
402 3.826e-06 28032.3
403 3.824e-06 28101.7
404 3.822e-06 28182.0
405 3.820e-06 28263.2
406 3.818e-06 28331.399999999998
407 3.816e-06 28400.399999999998
408 3.815e-06 28469.5
409 3.813e-06 28538.1
410 3.811e-06 28609.8
411 3.809e-06 28683.399999999998
412 3.807e-06 28756.3
413 3.805e-06 28828.399999999998
414 3.804e-06 28900.2
415 3.802e-06 28972.1
416 3.800e-06 29044.0
417 3.798e-06 29130.0
418 3.797e-06 29201.3
419 3.795e-06 29274.499999999996
420 3.793e-06 29341.7
421 3.792e-06 29407.8
422 3.790e-06 29474.2
423 3.788e-06 29542.100000000002
424 3.787e-06 29608.7
425 3.785e-06 29675.100000000002
426 3.783e-06 29742.7
427 3.782e-06 29810.3
428 3.780e-06 29875.499999999996
429 3.778e-06 29940.8
430 3.777e-06 30014.600000000002
431 3.775e-06 30082.600000000002
432 3.773e-06 30152.100000000002
433 3.772e-06 30218.999999999996
434 3.770e-06 30292.8
435 3.769e-06 30364.8
436 3.767e-06 30449.399999999998
437 3.765e-06 30517.100000000002
438 3.764e-06 30583.2
439 3.761e-06 30650.399999999998
440 3.760e-06 30716.899999999998
441 3.758e-06 30790.8
442 3.756e-06 30863.3
443 3.755e-06 30934.600000000002
444 3.753e-06 31007.3
445 3.751e-06 31083.499999999996
446 3.750e-06 31154.3
447 3.748e-06 31224.999999999996
448 3.747e-06 31293.100000000002
449 3.745e-06 31360.8
450 3.743e-06 31440.100000000002
451 3.742e-06 31508.499999999996
452 3.740e-06 31587.100000000002
453 3.739e-06 31658.899999999998
454 3.737e-06 31736.600000000002
455 3.736e-06 31803.2
456 3.734e-06 31887.600000000002
457 3.733e-06 31954.999999999996
458 3.731e-06 32021.2
459 3.730e-06 32087.7
460 3.727e-06 32152.499999999996
461 3.724e-06 32217.899999999998
462 3.722e-06 32284.399999999998
463 3.720e-06 32350.399999999998
464 3.719e-06 32416.100000000002
465 3.717e-06 32482.499999999996
466 3.716e-06 32548.100000000002
467 3.714e-06 32614.2
468 3.713e-06 32689.399999999998
469 3.711e-06 32767.999999999996
470 3.710e-06 32836.9
471 3.708e-06 32908.5
472 3.707e-06 32974.200000000004
473 3.706e-06 33040.9
474 3.704e-06 33108.8
475 3.703e-06 33175.4
476 3.701e-06 33242.3
477 3.700e-06 33312.0
478 3.699e-06 33391.100000000006
479 3.697e-06 33458.200000000004
480 3.696e-06 33532.0
481 3.695e-06 33598.8
482 3.693e-06 33671.4
483 3.692e-06 33736.9
484 3.690e-06 33804.3
485 3.689e-06 33869.3
486 3.688e-06 33939.4
487 3.686e-06 34006.3
488 3.685e-06 34072.4
489 3.684e-06 34138.8
490 3.682e-06 34205.4
491 3.681e-06 34278.100000000006
492 3.680e-06 34345.700000000004
493 3.678e-06 34412.9
494 3.677e-06 34483.600000000006
495 3.676e-06 34551.700000000004
496 3.674e-06 34629.8
497 3.673e-06 34695.8
498 3.672e-06 34761.200000000004
499 3.670e-06 34827.600000000006
500 3.669e-06 34906.200000000004
